(kicad_pcb (version 20171130) (host pcbnew 5.1.10-88a1d61d58~90~ubuntu20.04.1)

  (general
    (thickness 1.6)
    (drawings 4)
    (tracks 403)
    (zones 0)
    (modules 99)
    (nets 86)
  )

  (page USLetter)
  (title_block
    (title "Teensy CW Keyer Shield")
    (date 2021-10-25)
    (company Softerhardware)
    (comment 1 "KF7O Steve Haynal")
  )

  (layers
    (0 F.Cu signal)
    (31 B.Cu signal)
    (32 B.Adhes user)
    (33 F.Adhes user)
    (34 B.Paste user)
    (35 F.Paste user)
    (36 B.SilkS user)
    (37 F.SilkS user)
    (38 B.Mask user)
    (39 F.Mask user)
    (40 Dwgs.User user)
    (41 Cmts.User user)
    (42 Eco1.User user)
    (43 Eco2.User user)
    (44 Edge.Cuts user)
    (45 Margin user)
    (46 B.CrtYd user)
    (47 F.CrtYd user)
    (48 B.Fab user)
    (49 F.Fab user hide)
  )

  (setup
    (last_trace_width 0.25)
    (user_trace_width 0.25)
    (user_trace_width 0.5)
    (user_trace_width 1)
    (user_trace_width 2)
    (trace_clearance 0.2)
    (zone_clearance 0.508)
    (zone_45_only no)
    (trace_min 0.2)
    (via_size 0.8)
    (via_drill 0.4)
    (via_min_size 0.4)
    (via_min_drill 0.3)
    (user_via 0.6 0.3)
    (user_via 0.8 0.4)
    (user_via 1.3 0.9)
    (uvia_size 0.3)
    (uvia_drill 0.1)
    (uvias_allowed no)
    (uvia_min_size 0.2)
    (uvia_min_drill 0.1)
    (edge_width 0.05)
    (segment_width 0.2)
    (pcb_text_width 0.3)
    (pcb_text_size 1.5 1.5)
    (mod_edge_width 0.12)
    (mod_text_size 1 1)
    (mod_text_width 0.15)
    (pad_size 1.524 1.524)
    (pad_drill 0.762)
    (pad_to_mask_clearance 0)
    (aux_axis_origin 0 0)
    (visible_elements FFFDFF7F)
    (pcbplotparams
      (layerselection 0x010fc_ffffffff)
      (usegerberextensions false)
      (usegerberattributes true)
      (usegerberadvancedattributes true)
      (creategerberjobfile true)
      (excludeedgelayer true)
      (linewidth 0.100000)
      (plotframeref false)
      (viasonmask false)
      (mode 1)
      (useauxorigin false)
      (hpglpennumber 1)
      (hpglpenspeed 20)
      (hpglpendiameter 15.000000)
      (psnegative false)
      (psa4output false)
      (plotreference true)
      (plotvalue true)
      (plotinvisibletext false)
      (padsonsilk false)
      (subtractmaskfromsilk false)
      (outputformat 1)
      (mirror false)
      (drillshape 1)
      (scaleselection 1)
      (outputdirectory ""))
  )

  (net 0 "")
  (net 1 +5V)
  (net 2 GND)
  (net 3 "Net-(C2-Pad1)")
  (net 4 "Net-(C4-Pad1)")
  (net 5 "Net-(C6-Pad2)")
  (net 6 "Net-(C7-Pad2)")
  (net 7 "Net-(C13-Pad1)")
  (net 8 "Net-(C14-Pad1)")
  (net 9 "Net-(C8-Pad2)")
  (net 10 "Net-(C9-Pad1)")
  (net 11 "Net-(C9-Pad2)")
  (net 12 "Net-(C10-Pad1)")
  (net 13 "Net-(C11-Pad2)")
  (net 14 "Net-(C11-Pad1)")
  (net 15 "Net-(C15-Pad1)")
  (net 16 "Net-(C15-Pad2)")
  (net 17 "Net-(C16-Pad1)")
  (net 18 "Net-(C16-Pad2)")
  (net 19 "Net-(C17-Pad1)")
  (net 20 "Net-(C17-Pad2)")
  (net 21 "Net-(C22-Pad1)")
  (net 22 MEMSMIC)
  (net 23 "Net-(C24-Pad1)")
  (net 24 "Net-(C25-Pad1)")
  (net 25 "Net-(C26-Pad1)")
  (net 26 "Net-(C27-Pad1)")
  (net 27 "Net-(C28-Pad1)")
  (net 28 "Net-(C29-Pad1)")
  (net 29 MICPTT)
  (net 30 "Net-(C31-Pad1)")
  (net 31 "Net-(C32-Pad1)")
  (net 32 "Net-(C33-Pad1)")
  (net 33 +3V3)
  (net 34 "Net-(C36-Pad2)")
  (net 35 "Net-(C37-Pad2)")
  (net 36 "Net-(C38-Pad2)")
  (net 37 "Net-(C39-Pad2)")
  (net 38 "Net-(FB3-Pad2)")
  (net 39 "Net-(FB4-Pad2)")
  (net 40 "Net-(FB5-Pad2)")
  (net 41 "Net-(FB6-Pad2)")
  (net 42 "Net-(FB7-Pad1)")
  (net 43 "Net-(FB10-Pad2)")
  (net 44 "Net-(FB11-Pad2)")
  (net 45 "Net-(FB12-Pad2)")
  (net 46 "Net-(FB13-Pad2)")
  (net 47 "Net-(J5-PadTN)")
  (net 48 JACKDET)
  (net 49 "Net-(J6-PadRN)")
  (net 50 "Net-(J6-PadR)")
  (net 51 "Net-(J6-PadTN)")
  (net 52 "Net-(J6-PadT)")
  (net 53 "Net-(J7-PadTN)")
  (net 54 "Net-(J7-PadRN)")
  (net 55 "Net-(J8-PadRN)")
  (net 56 "Net-(J8-PadTN)")
  (net 57 "Net-(J9-PadS)")
  (net 58 "Net-(J9-PadT)")
  (net 59 "Net-(J9-PadTN)")
  (net 60 "Net-(J9-PadR)")
  (net 61 "Net-(J9-PadRN)")
  (net 62 SDIN)
  (net 63 SCLK)
  (net 64 "Net-(J11-Pad1)")
  (net 65 "Net-(J11-Pad3)")
  (net 66 "Net-(J11-Pad4)")
  (net 67 "Net-(J11-Pad5)")
  (net 68 "Net-(J12-PadRN)")
  (net 69 "Net-(J12-PadTN)")
  (net 70 MCLK)
  (net 71 "Net-(R4-Pad1)")
  (net 72 "Net-(R10-Pad2)")
  (net 73 "Net-(R10-Pad1)")
  (net 74 "Net-(R11-Pad1)")
  (net 75 "Net-(R11-Pad2)")
  (net 76 "Net-(TP1-Pad1)")
  (net 77 "Net-(TP2-Pad1)")
  (net 78 BCLK)
  (net 79 LRCLK)
  (net 80 DACDAT)
  (net 81 ADCDAT)
  (net 82 "Net-(J11-Pad7)")
  (net 83 "Net-(J11-Pad8)")
  (net 84 "Net-(J11-Pad9)")
  (net 85 "Net-(R14-Pad1)")

  (net_class Default "This is the default net class."
    (clearance 0.2)
    (trace_width 0.25)
    (via_dia 0.8)
    (via_drill 0.4)
    (uvia_dia 0.3)
    (uvia_drill 0.1)
    (add_net +3V3)
    (add_net +5V)
    (add_net ADCDAT)
    (add_net BCLK)
    (add_net DACDAT)
    (add_net GND)
    (add_net JACKDET)
    (add_net LRCLK)
    (add_net MCLK)
    (add_net MEMSMIC)
    (add_net MICPTT)
    (add_net "Net-(C10-Pad1)")
    (add_net "Net-(C11-Pad1)")
    (add_net "Net-(C11-Pad2)")
    (add_net "Net-(C13-Pad1)")
    (add_net "Net-(C14-Pad1)")
    (add_net "Net-(C15-Pad1)")
    (add_net "Net-(C15-Pad2)")
    (add_net "Net-(C16-Pad1)")
    (add_net "Net-(C16-Pad2)")
    (add_net "Net-(C17-Pad1)")
    (add_net "Net-(C17-Pad2)")
    (add_net "Net-(C2-Pad1)")
    (add_net "Net-(C22-Pad1)")
    (add_net "Net-(C24-Pad1)")
    (add_net "Net-(C25-Pad1)")
    (add_net "Net-(C26-Pad1)")
    (add_net "Net-(C27-Pad1)")
    (add_net "Net-(C28-Pad1)")
    (add_net "Net-(C29-Pad1)")
    (add_net "Net-(C31-Pad1)")
    (add_net "Net-(C32-Pad1)")
    (add_net "Net-(C33-Pad1)")
    (add_net "Net-(C36-Pad2)")
    (add_net "Net-(C37-Pad2)")
    (add_net "Net-(C38-Pad2)")
    (add_net "Net-(C39-Pad2)")
    (add_net "Net-(C4-Pad1)")
    (add_net "Net-(C6-Pad2)")
    (add_net "Net-(C7-Pad2)")
    (add_net "Net-(C8-Pad2)")
    (add_net "Net-(C9-Pad1)")
    (add_net "Net-(C9-Pad2)")
    (add_net "Net-(FB10-Pad2)")
    (add_net "Net-(FB11-Pad2)")
    (add_net "Net-(FB12-Pad2)")
    (add_net "Net-(FB13-Pad2)")
    (add_net "Net-(FB3-Pad2)")
    (add_net "Net-(FB4-Pad2)")
    (add_net "Net-(FB5-Pad2)")
    (add_net "Net-(FB6-Pad2)")
    (add_net "Net-(FB7-Pad1)")
    (add_net "Net-(J11-Pad1)")
    (add_net "Net-(J11-Pad3)")
    (add_net "Net-(J11-Pad4)")
    (add_net "Net-(J11-Pad5)")
    (add_net "Net-(J11-Pad7)")
    (add_net "Net-(J11-Pad8)")
    (add_net "Net-(J11-Pad9)")
    (add_net "Net-(J12-PadRN)")
    (add_net "Net-(J12-PadTN)")
    (add_net "Net-(J5-PadTN)")
    (add_net "Net-(J6-PadR)")
    (add_net "Net-(J6-PadRN)")
    (add_net "Net-(J6-PadT)")
    (add_net "Net-(J6-PadTN)")
    (add_net "Net-(J7-PadRN)")
    (add_net "Net-(J7-PadTN)")
    (add_net "Net-(J8-PadRN)")
    (add_net "Net-(J8-PadTN)")
    (add_net "Net-(J9-PadR)")
    (add_net "Net-(J9-PadRN)")
    (add_net "Net-(J9-PadS)")
    (add_net "Net-(J9-PadT)")
    (add_net "Net-(J9-PadTN)")
    (add_net "Net-(R10-Pad1)")
    (add_net "Net-(R10-Pad2)")
    (add_net "Net-(R11-Pad1)")
    (add_net "Net-(R11-Pad2)")
    (add_net "Net-(R14-Pad1)")
    (add_net "Net-(R4-Pad1)")
    (add_net "Net-(TP1-Pad1)")
    (add_net "Net-(TP2-Pad1)")
    (add_net SCLK)
    (add_net SDIN)
  )

  (module TeensyKeyerShield:Teensy40 (layer F.Cu) (tedit 61724632) (tstamp 616C9677)
    (at 160.9 101.2 180)
    (path /60B41C2D/60B420B6)
    (fp_text reference U3 (at 0 -10.16) (layer F.SilkS)
      (effects (font (size 1 1) (thickness 0.15)))
    )
    (fp_text value Teensy4.0 (at 0 10.16) (layer F.Fab)
      (effects (font (size 1 1) (thickness 0.15)))
    )
    (fp_poly (pts (xy -3.937 0.127) (xy -3.683 -0.127) (xy -3.429 0.254) (xy -3.683 0.508)) (layer F.SilkS) (width 0.1))
    (fp_poly (pts (xy -3.556 -0.254) (xy -3.302 -0.508) (xy -3.048 -0.127) (xy -3.302 0.127)) (layer F.SilkS) (width 0.1))
    (fp_poly (pts (xy -1.651 0.508) (xy -1.397 0.254) (xy -1.143 0.635) (xy -1.397 0.889)) (layer F.SilkS) (width 0.1))
    (fp_poly (pts (xy -2.032 0) (xy -1.778 -0.254) (xy -1.524 0.127) (xy -1.778 0.381)) (layer F.SilkS) (width 0.1))
    (fp_poly (pts (xy -2.413 -0.508) (xy -2.159 -0.762) (xy -1.905 -0.381) (xy -2.159 -0.127)) (layer F.SilkS) (width 0.1))
    (fp_poly (pts (xy -2.413 0.381) (xy -2.159 0.127) (xy -1.905 0.508) (xy -2.159 0.762)) (layer F.SilkS) (width 0.1))
    (fp_poly (pts (xy -2.794 -0.127) (xy -2.54 -0.381) (xy -2.286 0) (xy -2.54 0.254)) (layer F.SilkS) (width 0.1))
    (fp_poly (pts (xy -3.175 -0.635) (xy -2.921 -0.889) (xy -2.667 -0.508) (xy -2.921 -0.254)) (layer F.SilkS) (width 0.1))
    (fp_line (start 5.08 -1.905) (end 5.08 -5.08) (layer F.SilkS) (width 0.15))
    (fp_line (start 7.62 -1.905) (end 5.08 -1.905) (layer F.SilkS) (width 0.15))
    (fp_line (start 7.62 -5.08) (end 7.62 -1.905) (layer F.SilkS) (width 0.15))
    (fp_line (start 5.08 -5.08) (end 7.62 -5.08) (layer F.SilkS) (width 0.15))
    (fp_line (start -17.78 8.89) (end -17.78 -8.89) (layer F.SilkS) (width 0.15))
    (fp_line (start 17.78 8.89) (end -17.78 8.89) (layer F.SilkS) (width 0.15))
    (fp_line (start 17.78 -8.89) (end 17.78 8.89) (layer F.SilkS) (width 0.15))
    (fp_line (start -17.78 -8.89) (end 17.78 -8.89) (layer F.SilkS) (width 0.15))
    (fp_line (start 4.445 5.08) (end -5.715 5.08) (layer F.SilkS) (width 0.15))
    (fp_line (start 4.445 -5.08) (end -5.715 -5.08) (layer F.SilkS) (width 0.15))
    (fp_line (start -5.715 -5.08) (end -5.715 5.08) (layer F.SilkS) (width 0.15))
    (fp_line (start 4.445 5.08) (end 4.445 -5.08) (layer F.SilkS) (width 0.15))
    (fp_line (start 10.16 -1.27) (end 14.732 -1.27) (layer F.SilkS) (width 0.15))
    (fp_line (start 10.16 1.27) (end 10.16 -1.27) (layer F.SilkS) (width 0.15))
    (fp_line (start 14.732 1.27) (end 10.16 1.27) (layer F.SilkS) (width 0.15))
    (fp_line (start 14.732 -1.27) (end 14.732 1.27) (layer F.SilkS) (width 0.15))
    (fp_line (start -12.7 3.81) (end -17.78 3.81) (layer F.SilkS) (width 0.15))
    (fp_line (start -12.7 -3.81) (end -17.78 -3.81) (layer F.SilkS) (width 0.15))
    (fp_line (start -12.7 3.81) (end -12.7 -3.81) (layer F.SilkS) (width 0.15))
    (fp_line (start -19.05 -3.81) (end -17.78 -3.81) (layer F.SilkS) (width 0.15))
    (fp_line (start -19.05 3.81) (end -19.05 -3.81) (layer F.SilkS) (width 0.15))
    (fp_line (start -17.78 3.81) (end -19.05 3.81) (layer F.SilkS) (width 0.15))
    (fp_text user DVL6A (at 1.778 0 90) (layer F.SilkS)
      (effects (font (size 0.7 0.7) (thickness 0.15)))
    )
    (fp_text user MIMXRT1062 (at 0.254 0 90) (layer F.SilkS)
      (effects (font (size 0.7 0.7) (thickness 0.15)))
    )
    (pad 1 thru_hole circle (at -16.51 7.62 180) (size 1.6 1.6) (drill 1.1) (layers *.Cu *.Mask)
      (net 2 GND))
    (pad 2 thru_hole circle (at -13.97 7.62 180) (size 1.6 1.6) (drill 1.1) (layers *.Cu *.Mask)
      (net 31 "Net-(C32-Pad1)"))
    (pad 3 thru_hole circle (at -11.43 7.62 180) (size 1.6 1.6) (drill 1.1) (layers *.Cu *.Mask)
      (net 30 "Net-(C31-Pad1)"))
    (pad 4 thru_hole circle (at -8.89 7.62 180) (size 1.6 1.6) (drill 1.1) (layers *.Cu *.Mask)
      (net 28 "Net-(C29-Pad1)"))
    (pad 5 thru_hole circle (at -6.35 7.62 180) (size 1.6 1.6) (drill 1.1) (layers *.Cu *.Mask)
      (net 29 MICPTT))
    (pad 6 thru_hole circle (at -3.81 7.62 180) (size 1.6 1.6) (drill 1.1) (layers *.Cu *.Mask)
      (net 73 "Net-(R10-Pad1)"))
    (pad 7 thru_hole circle (at -1.27 7.62 180) (size 1.6 1.6) (drill 1.1) (layers *.Cu *.Mask)
      (net 83 "Net-(J11-Pad8)"))
    (pad 8 thru_hole circle (at 1.27 7.62 180) (size 1.6 1.6) (drill 1.1) (layers *.Cu *.Mask)
      (net 74 "Net-(R11-Pad1)"))
    (pad 9 thru_hole circle (at 3.81 7.62 180) (size 1.6 1.6) (drill 1.1) (layers *.Cu *.Mask)
      (net 80 DACDAT))
    (pad 10 thru_hole circle (at 6.35 7.62 180) (size 1.6 1.6) (drill 1.1) (layers *.Cu *.Mask)
      (net 81 ADCDAT))
    (pad 11 thru_hole circle (at 8.89 7.62 180) (size 1.6 1.6) (drill 1.1) (layers *.Cu *.Mask)
      (net 82 "Net-(J11-Pad7)"))
    (pad 12 thru_hole circle (at 11.43 7.62 180) (size 1.6 1.6) (drill 1.1) (layers *.Cu *.Mask)
      (net 67 "Net-(J11-Pad5)"))
    (pad 13 thru_hole circle (at 13.97 7.62 180) (size 1.6 1.6) (drill 1.1) (layers *.Cu *.Mask)
      (net 84 "Net-(J11-Pad9)"))
    (pad 33 thru_hole circle (at -16.51 -7.62 180) (size 1.6 1.6) (drill 1.1) (layers *.Cu *.Mask)
      (net 1 +5V))
    (pad 32 thru_hole circle (at -13.97 -7.62 180) (size 1.6 1.6) (drill 1.1) (layers *.Cu *.Mask)
      (net 2 GND))
    (pad 31 thru_hole circle (at -11.43 -7.62 180) (size 1.6 1.6) (drill 1.1) (layers *.Cu *.Mask)
      (net 33 +3V3))
    (pad 30 thru_hole circle (at -8.89 -7.62 180) (size 1.6 1.6) (drill 1.1) (layers *.Cu *.Mask)
      (net 70 MCLK))
    (pad 29 thru_hole circle (at -6.35 -7.62 180) (size 1.6 1.6) (drill 1.1) (layers *.Cu *.Mask)
      (net 32 "Net-(C33-Pad1)"))
    (pad 28 thru_hole circle (at -3.81 -7.62 180) (size 1.6 1.6) (drill 1.1) (layers *.Cu *.Mask)
      (net 78 BCLK))
    (pad 27 thru_hole circle (at -1.27 -7.62 180) (size 1.6 1.6) (drill 1.1) (layers *.Cu *.Mask)
      (net 79 LRCLK))
    (pad 26 thru_hole circle (at 1.27 -7.62 180) (size 1.6 1.6) (drill 1.1) (layers *.Cu *.Mask)
      (net 63 SCLK))
    (pad 25 thru_hole circle (at 3.81 -7.62 180) (size 1.6 1.6) (drill 1.1) (layers *.Cu *.Mask)
      (net 62 SDIN))
    (pad 24 thru_hole circle (at 6.35 -7.62 180) (size 1.6 1.6) (drill 1.1) (layers *.Cu *.Mask)
      (net 27 "Net-(C28-Pad1)"))
    (pad 23 thru_hole circle (at 8.89 -7.62 180) (size 1.6 1.6) (drill 1.1) (layers *.Cu *.Mask)
      (net 26 "Net-(C27-Pad1)"))
    (pad 22 thru_hole circle (at 11.43 -7.62 180) (size 1.6 1.6) (drill 1.1) (layers *.Cu *.Mask)
      (net 25 "Net-(C26-Pad1)"))
    (pad 21 thru_hole circle (at 13.97 -7.62 180) (size 1.6 1.6) (drill 1.1) (layers *.Cu *.Mask)
      (net 85 "Net-(R14-Pad1)"))
    (pad 14 thru_hole circle (at 16.51 7.62 180) (size 1.6 1.6) (drill 1.1) (layers *.Cu *.Mask)
      (net 65 "Net-(J11-Pad3)"))
    (pad 16 thru_hole circle (at 16.51 2.54 180) (size 1.6 1.6) (drill 1.1) (layers *.Cu *.Mask)
      (net 33 +3V3))
    (pad 20 thru_hole circle (at 16.51 -7.62 180) (size 1.6 1.6) (drill 1.1) (layers *.Cu *.Mask)
      (net 64 "Net-(J11-Pad1)"))
    (pad 17 thru_hole circle (at 16.51 0 180) (size 1.6 1.6) (drill 1.1) (layers *.Cu *.Mask)
      (net 2 GND))
    (model ${KIPRJMOD}/libs/TeensyKeyerShield.pretty/Teensy_4.0_Assembly.STEP
      (offset (xyz 33 9.5 -11))
      (scale (xyz 1 1 1))
      (rotate (xyz -90 0 0))
    )
  )

  (module Capacitor_SMD:C_0603_1608Metric_Pad1.08x0.95mm_HandSolder (layer F.Cu) (tedit 5F68FEEF) (tstamp 616FB147)
    (at 113.1625 81.4)
    (descr "Capacitor SMD 0603 (1608 Metric), square (rectangular) end terminal, IPC_7351 nominal with elongated pad for handsoldering. (Body size source: IPC-SM-782 page 76, https://www.pcb-3d.com/wordpress/wp-content/uploads/ipc-sm-782a_amendment_1_and_2.pdf), generated with kicad-footprint-generator")
    (tags "capacitor handsolder")
    (path /60A4A5BC/60A9B92C)
    (attr smd)
    (fp_text reference C17 (at 0 -1.43) (layer F.SilkS)
      (effects (font (size 1 1) (thickness 0.15)))
    )
    (fp_text value 470nF (at 0 1.43) (layer F.Fab)
      (effects (font (size 1 1) (thickness 0.15)))
    )
    (fp_line (start 1.65 0.73) (end -1.65 0.73) (layer F.CrtYd) (width 0.05))
    (fp_line (start 1.65 -0.73) (end 1.65 0.73) (layer F.CrtYd) (width 0.05))
    (fp_line (start -1.65 -0.73) (end 1.65 -0.73) (layer F.CrtYd) (width 0.05))
    (fp_line (start -1.65 0.73) (end -1.65 -0.73) (layer F.CrtYd) (width 0.05))
    (fp_line (start -0.146267 0.51) (end 0.146267 0.51) (layer F.SilkS) (width 0.12))
    (fp_line (start -0.146267 -0.51) (end 0.146267 -0.51) (layer F.SilkS) (width 0.12))
    (fp_line (start 0.8 0.4) (end -0.8 0.4) (layer F.Fab) (width 0.1))
    (fp_line (start 0.8 -0.4) (end 0.8 0.4) (layer F.Fab) (width 0.1))
    (fp_line (start -0.8 -0.4) (end 0.8 -0.4) (layer F.Fab) (width 0.1))
    (fp_line (start -0.8 0.4) (end -0.8 -0.4) (layer F.Fab) (width 0.1))
    (fp_text user %R (at 0 0) (layer F.Fab)
      (effects (font (size 0.4 0.4) (thickness 0.06)))
    )
    (pad 1 smd roundrect (at -0.8625 0) (size 1.075 0.95) (layers F.Cu F.Paste F.Mask) (roundrect_rratio 0.25)
      (net 19 "Net-(C17-Pad1)"))
    (pad 2 smd roundrect (at 0.8625 0) (size 1.075 0.95) (layers F.Cu F.Paste F.Mask) (roundrect_rratio 0.25)
      (net 20 "Net-(C17-Pad2)"))
    (model ${KISYS3DMOD}/Capacitor_SMD.3dshapes/C_0603_1608Metric.wrl
      (at (xyz 0 0 0))
      (scale (xyz 1 1 1))
      (rotate (xyz 0 0 0))
    )
  )

  (module Capacitor_SMD:C_1206_3216Metric_Pad1.33x1.80mm_HandSolder (layer F.Cu) (tedit 5F68FEEF) (tstamp 616CFB02)
    (at 98.7 87.9 180)
    (descr "Capacitor SMD 1206 (3216 Metric), square (rectangular) end terminal, IPC_7351 nominal with elongated pad for handsoldering. (Body size source: IPC-SM-782 page 76, https://www.pcb-3d.com/wordpress/wp-content/uploads/ipc-sm-782a_amendment_1_and_2.pdf), generated with kicad-footprint-generator")
    (tags "capacitor handsolder")
    (path /60A4A5BC/60A693A8)
    (attr smd)
    (fp_text reference C1 (at 0 -1.85) (layer F.SilkS)
      (effects (font (size 1 1) (thickness 0.15)))
    )
    (fp_text value 47uF (at 0 1.85) (layer F.Fab)
      (effects (font (size 1 1) (thickness 0.15)))
    )
    (fp_line (start 2.48 1.15) (end -2.48 1.15) (layer F.CrtYd) (width 0.05))
    (fp_line (start 2.48 -1.15) (end 2.48 1.15) (layer F.CrtYd) (width 0.05))
    (fp_line (start -2.48 -1.15) (end 2.48 -1.15) (layer F.CrtYd) (width 0.05))
    (fp_line (start -2.48 1.15) (end -2.48 -1.15) (layer F.CrtYd) (width 0.05))
    (fp_line (start -0.711252 0.91) (end 0.711252 0.91) (layer F.SilkS) (width 0.12))
    (fp_line (start -0.711252 -0.91) (end 0.711252 -0.91) (layer F.SilkS) (width 0.12))
    (fp_line (start 1.6 0.8) (end -1.6 0.8) (layer F.Fab) (width 0.1))
    (fp_line (start 1.6 -0.8) (end 1.6 0.8) (layer F.Fab) (width 0.1))
    (fp_line (start -1.6 -0.8) (end 1.6 -0.8) (layer F.Fab) (width 0.1))
    (fp_line (start -1.6 0.8) (end -1.6 -0.8) (layer F.Fab) (width 0.1))
    (fp_text user %R (at 0 0) (layer F.Fab)
      (effects (font (size 0.8 0.8) (thickness 0.12)))
    )
    (pad 1 smd roundrect (at -1.5625 0 180) (size 1.325 1.8) (layers F.Cu F.Paste F.Mask) (roundrect_rratio 0.188679)
      (net 1 +5V))
    (pad 2 smd roundrect (at 1.5625 0 180) (size 1.325 1.8) (layers F.Cu F.Paste F.Mask) (roundrect_rratio 0.188679)
      (net 2 GND))
    (model ${KISYS3DMOD}/Capacitor_SMD.3dshapes/C_1206_3216Metric.wrl
      (at (xyz 0 0 0))
      (scale (xyz 1 1 1))
      (rotate (xyz 0 0 0))
    )
  )

  (module Capacitor_SMD:C_0603_1608Metric_Pad1.08x0.95mm_HandSolder (layer F.Cu) (tedit 5F68FEEF) (tstamp 616CFB13)
    (at 116.3 98.9375 270)
    (descr "Capacitor SMD 0603 (1608 Metric), square (rectangular) end terminal, IPC_7351 nominal with elongated pad for handsoldering. (Body size source: IPC-SM-782 page 76, https://www.pcb-3d.com/wordpress/wp-content/uploads/ipc-sm-782a_amendment_1_and_2.pdf), generated with kicad-footprint-generator")
    (tags "capacitor handsolder")
    (path /60A4A5BC/60A515CB)
    (attr smd)
    (fp_text reference C2 (at 0 -1.43 90) (layer F.SilkS)
      (effects (font (size 1 1) (thickness 0.15)))
    )
    (fp_text value 0.1uF (at 0 1.43 90) (layer F.Fab)
      (effects (font (size 1 1) (thickness 0.15)))
    )
    (fp_line (start -0.8 0.4) (end -0.8 -0.4) (layer F.Fab) (width 0.1))
    (fp_line (start -0.8 -0.4) (end 0.8 -0.4) (layer F.Fab) (width 0.1))
    (fp_line (start 0.8 -0.4) (end 0.8 0.4) (layer F.Fab) (width 0.1))
    (fp_line (start 0.8 0.4) (end -0.8 0.4) (layer F.Fab) (width 0.1))
    (fp_line (start -0.146267 -0.51) (end 0.146267 -0.51) (layer F.SilkS) (width 0.12))
    (fp_line (start -0.146267 0.51) (end 0.146267 0.51) (layer F.SilkS) (width 0.12))
    (fp_line (start -1.65 0.73) (end -1.65 -0.73) (layer F.CrtYd) (width 0.05))
    (fp_line (start -1.65 -0.73) (end 1.65 -0.73) (layer F.CrtYd) (width 0.05))
    (fp_line (start 1.65 -0.73) (end 1.65 0.73) (layer F.CrtYd) (width 0.05))
    (fp_line (start 1.65 0.73) (end -1.65 0.73) (layer F.CrtYd) (width 0.05))
    (fp_text user %R (at 0 0 90) (layer F.Fab)
      (effects (font (size 0.4 0.4) (thickness 0.06)))
    )
    (pad 2 smd roundrect (at 0.8625 0 270) (size 1.075 0.95) (layers F.Cu F.Paste F.Mask) (roundrect_rratio 0.25)
      (net 2 GND))
    (pad 1 smd roundrect (at -0.8625 0 270) (size 1.075 0.95) (layers F.Cu F.Paste F.Mask) (roundrect_rratio 0.25)
      (net 3 "Net-(C2-Pad1)"))
    (model ${KISYS3DMOD}/Capacitor_SMD.3dshapes/C_0603_1608Metric.wrl
      (at (xyz 0 0 0))
      (scale (xyz 1 1 1))
      (rotate (xyz 0 0 0))
    )
  )

  (module Capacitor_SMD:C_0603_1608Metric_Pad1.08x0.95mm_HandSolder (layer F.Cu) (tedit 5F68FEEF) (tstamp 616CFB24)
    (at 114.7 98.9375 90)
    (descr "Capacitor SMD 0603 (1608 Metric), square (rectangular) end terminal, IPC_7351 nominal with elongated pad for handsoldering. (Body size source: IPC-SM-782 page 76, https://www.pcb-3d.com/wordpress/wp-content/uploads/ipc-sm-782a_amendment_1_and_2.pdf), generated with kicad-footprint-generator")
    (tags "capacitor handsolder")
    (path /60A4A5BC/60A50AE6)
    (attr smd)
    (fp_text reference C3 (at 0 -1.43 90) (layer F.SilkS)
      (effects (font (size 1 1) (thickness 0.15)))
    )
    (fp_text value 0.1uF (at 0 1.43 90) (layer F.Fab)
      (effects (font (size 1 1) (thickness 0.15)))
    )
    (fp_line (start 1.65 0.73) (end -1.65 0.73) (layer F.CrtYd) (width 0.05))
    (fp_line (start 1.65 -0.73) (end 1.65 0.73) (layer F.CrtYd) (width 0.05))
    (fp_line (start -1.65 -0.73) (end 1.65 -0.73) (layer F.CrtYd) (width 0.05))
    (fp_line (start -1.65 0.73) (end -1.65 -0.73) (layer F.CrtYd) (width 0.05))
    (fp_line (start -0.146267 0.51) (end 0.146267 0.51) (layer F.SilkS) (width 0.12))
    (fp_line (start -0.146267 -0.51) (end 0.146267 -0.51) (layer F.SilkS) (width 0.12))
    (fp_line (start 0.8 0.4) (end -0.8 0.4) (layer F.Fab) (width 0.1))
    (fp_line (start 0.8 -0.4) (end 0.8 0.4) (layer F.Fab) (width 0.1))
    (fp_line (start -0.8 -0.4) (end 0.8 -0.4) (layer F.Fab) (width 0.1))
    (fp_line (start -0.8 0.4) (end -0.8 -0.4) (layer F.Fab) (width 0.1))
    (fp_text user %R (at 0 0 90) (layer F.Fab)
      (effects (font (size 0.4 0.4) (thickness 0.06)))
    )
    (pad 1 smd roundrect (at -0.8625 0 90) (size 1.075 0.95) (layers F.Cu F.Paste F.Mask) (roundrect_rratio 0.25)
      (net 2 GND))
    (pad 2 smd roundrect (at 0.8625 0 90) (size 1.075 0.95) (layers F.Cu F.Paste F.Mask) (roundrect_rratio 0.25)
      (net 3 "Net-(C2-Pad1)"))
    (model ${KISYS3DMOD}/Capacitor_SMD.3dshapes/C_0603_1608Metric.wrl
      (at (xyz 0 0 0))
      (scale (xyz 1 1 1))
      (rotate (xyz 0 0 0))
    )
  )

  (module Capacitor_SMD:C_0603_1608Metric_Pad1.08x0.95mm_HandSolder (layer F.Cu) (tedit 5F68FEEF) (tstamp 616CFB35)
    (at 99.4375 97.5 180)
    (descr "Capacitor SMD 0603 (1608 Metric), square (rectangular) end terminal, IPC_7351 nominal with elongated pad for handsoldering. (Body size source: IPC-SM-782 page 76, https://www.pcb-3d.com/wordpress/wp-content/uploads/ipc-sm-782a_amendment_1_and_2.pdf), generated with kicad-footprint-generator")
    (tags "capacitor handsolder")
    (path /60A4A5BC/60A68A52)
    (attr smd)
    (fp_text reference C4 (at 0 -1.43) (layer F.SilkS)
      (effects (font (size 1 1) (thickness 0.15)))
    )
    (fp_text value 0.1uF (at 0 1.43) (layer F.Fab)
      (effects (font (size 1 1) (thickness 0.15)))
    )
    (fp_line (start 1.65 0.73) (end -1.65 0.73) (layer F.CrtYd) (width 0.05))
    (fp_line (start 1.65 -0.73) (end 1.65 0.73) (layer F.CrtYd) (width 0.05))
    (fp_line (start -1.65 -0.73) (end 1.65 -0.73) (layer F.CrtYd) (width 0.05))
    (fp_line (start -1.65 0.73) (end -1.65 -0.73) (layer F.CrtYd) (width 0.05))
    (fp_line (start -0.146267 0.51) (end 0.146267 0.51) (layer F.SilkS) (width 0.12))
    (fp_line (start -0.146267 -0.51) (end 0.146267 -0.51) (layer F.SilkS) (width 0.12))
    (fp_line (start 0.8 0.4) (end -0.8 0.4) (layer F.Fab) (width 0.1))
    (fp_line (start 0.8 -0.4) (end 0.8 0.4) (layer F.Fab) (width 0.1))
    (fp_line (start -0.8 -0.4) (end 0.8 -0.4) (layer F.Fab) (width 0.1))
    (fp_line (start -0.8 0.4) (end -0.8 -0.4) (layer F.Fab) (width 0.1))
    (fp_text user %R (at 0 0) (layer F.Fab)
      (effects (font (size 0.4 0.4) (thickness 0.06)))
    )
    (pad 1 smd roundrect (at -0.8625 0 180) (size 1.075 0.95) (layers F.Cu F.Paste F.Mask) (roundrect_rratio 0.25)
      (net 4 "Net-(C4-Pad1)"))
    (pad 2 smd roundrect (at 0.8625 0 180) (size 1.075 0.95) (layers F.Cu F.Paste F.Mask) (roundrect_rratio 0.25)
      (net 2 GND))
    (model ${KISYS3DMOD}/Capacitor_SMD.3dshapes/C_0603_1608Metric.wrl
      (at (xyz 0 0 0))
      (scale (xyz 1 1 1))
      (rotate (xyz 0 0 0))
    )
  )

  (module Capacitor_SMD:C_0603_1608Metric_Pad1.08x0.95mm_HandSolder (layer F.Cu) (tedit 5F68FEEF) (tstamp 616CFB46)
    (at 98.2375 85.8 180)
    (descr "Capacitor SMD 0603 (1608 Metric), square (rectangular) end terminal, IPC_7351 nominal with elongated pad for handsoldering. (Body size source: IPC-SM-782 page 76, https://www.pcb-3d.com/wordpress/wp-content/uploads/ipc-sm-782a_amendment_1_and_2.pdf), generated with kicad-footprint-generator")
    (tags "capacitor handsolder")
    (path /60A4A5BC/60A69012)
    (attr smd)
    (fp_text reference C5 (at 0 -1.43) (layer F.SilkS)
      (effects (font (size 1 1) (thickness 0.15)))
    )
    (fp_text value 0.1uF (at 0 1.43) (layer F.Fab)
      (effects (font (size 1 1) (thickness 0.15)))
    )
    (fp_line (start -0.8 0.4) (end -0.8 -0.4) (layer F.Fab) (width 0.1))
    (fp_line (start -0.8 -0.4) (end 0.8 -0.4) (layer F.Fab) (width 0.1))
    (fp_line (start 0.8 -0.4) (end 0.8 0.4) (layer F.Fab) (width 0.1))
    (fp_line (start 0.8 0.4) (end -0.8 0.4) (layer F.Fab) (width 0.1))
    (fp_line (start -0.146267 -0.51) (end 0.146267 -0.51) (layer F.SilkS) (width 0.12))
    (fp_line (start -0.146267 0.51) (end 0.146267 0.51) (layer F.SilkS) (width 0.12))
    (fp_line (start -1.65 0.73) (end -1.65 -0.73) (layer F.CrtYd) (width 0.05))
    (fp_line (start -1.65 -0.73) (end 1.65 -0.73) (layer F.CrtYd) (width 0.05))
    (fp_line (start 1.65 -0.73) (end 1.65 0.73) (layer F.CrtYd) (width 0.05))
    (fp_line (start 1.65 0.73) (end -1.65 0.73) (layer F.CrtYd) (width 0.05))
    (fp_text user %R (at 0 0) (layer F.Fab)
      (effects (font (size 0.4 0.4) (thickness 0.06)))
    )
    (pad 2 smd roundrect (at 0.8625 0 180) (size 1.075 0.95) (layers F.Cu F.Paste F.Mask) (roundrect_rratio 0.25)
      (net 2 GND))
    (pad 1 smd roundrect (at -0.8625 0 180) (size 1.075 0.95) (layers F.Cu F.Paste F.Mask) (roundrect_rratio 0.25)
      (net 1 +5V))
    (model ${KISYS3DMOD}/Capacitor_SMD.3dshapes/C_0603_1608Metric.wrl
      (at (xyz 0 0 0))
      (scale (xyz 1 1 1))
      (rotate (xyz 0 0 0))
    )
  )

  (module Capacitor_SMD:C_1206_3216Metric_Pad1.33x1.80mm_HandSolder (layer F.Cu) (tedit 5F68FEEF) (tstamp 616CFB57)
    (at 103.9 103.2625 90)
    (descr "Capacitor SMD 1206 (3216 Metric), square (rectangular) end terminal, IPC_7351 nominal with elongated pad for handsoldering. (Body size source: IPC-SM-782 page 76, https://www.pcb-3d.com/wordpress/wp-content/uploads/ipc-sm-782a_amendment_1_and_2.pdf), generated with kicad-footprint-generator")
    (tags "capacitor handsolder")
    (path /60A4A5BC/60AC67AB)
    (attr smd)
    (fp_text reference C6 (at 0 -1.85 90) (layer F.SilkS)
      (effects (font (size 1 1) (thickness 0.15)))
    )
    (fp_text value 47uF (at 0 1.85 90) (layer F.Fab)
      (effects (font (size 1 1) (thickness 0.15)))
    )
    (fp_line (start 2.48 1.15) (end -2.48 1.15) (layer F.CrtYd) (width 0.05))
    (fp_line (start 2.48 -1.15) (end 2.48 1.15) (layer F.CrtYd) (width 0.05))
    (fp_line (start -2.48 -1.15) (end 2.48 -1.15) (layer F.CrtYd) (width 0.05))
    (fp_line (start -2.48 1.15) (end -2.48 -1.15) (layer F.CrtYd) (width 0.05))
    (fp_line (start -0.711252 0.91) (end 0.711252 0.91) (layer F.SilkS) (width 0.12))
    (fp_line (start -0.711252 -0.91) (end 0.711252 -0.91) (layer F.SilkS) (width 0.12))
    (fp_line (start 1.6 0.8) (end -1.6 0.8) (layer F.Fab) (width 0.1))
    (fp_line (start 1.6 -0.8) (end 1.6 0.8) (layer F.Fab) (width 0.1))
    (fp_line (start -1.6 -0.8) (end 1.6 -0.8) (layer F.Fab) (width 0.1))
    (fp_line (start -1.6 0.8) (end -1.6 -0.8) (layer F.Fab) (width 0.1))
    (fp_text user %R (at 0 0 90) (layer F.Fab)
      (effects (font (size 0.8 0.8) (thickness 0.12)))
    )
    (pad 1 smd roundrect (at -1.5625 0 90) (size 1.325 1.8) (layers F.Cu F.Paste F.Mask) (roundrect_rratio 0.188679)
      (net 2 GND))
    (pad 2 smd roundrect (at 1.5625 0 90) (size 1.325 1.8) (layers F.Cu F.Paste F.Mask) (roundrect_rratio 0.188679)
      (net 5 "Net-(C6-Pad2)"))
    (model ${KISYS3DMOD}/Capacitor_SMD.3dshapes/C_1206_3216Metric.wrl
      (at (xyz 0 0 0))
      (scale (xyz 1 1 1))
      (rotate (xyz 0 0 0))
    )
  )

  (module Capacitor_SMD:C_1206_3216Metric_Pad1.33x1.80mm_HandSolder (layer F.Cu) (tedit 5F68FEEF) (tstamp 616CFB68)
    (at 98.6375 92.9)
    (descr "Capacitor SMD 1206 (3216 Metric), square (rectangular) end terminal, IPC_7351 nominal with elongated pad for handsoldering. (Body size source: IPC-SM-782 page 76, https://www.pcb-3d.com/wordpress/wp-content/uploads/ipc-sm-782a_amendment_1_and_2.pdf), generated with kicad-footprint-generator")
    (tags "capacitor handsolder")
    (path /60A4A5BC/60B0CA50)
    (attr smd)
    (fp_text reference C7 (at 0 -1.85) (layer F.SilkS)
      (effects (font (size 1 1) (thickness 0.15)))
    )
    (fp_text value 47uF (at 0 1.85) (layer F.Fab)
      (effects (font (size 1 1) (thickness 0.15)))
    )
    (fp_line (start -1.6 0.8) (end -1.6 -0.8) (layer F.Fab) (width 0.1))
    (fp_line (start -1.6 -0.8) (end 1.6 -0.8) (layer F.Fab) (width 0.1))
    (fp_line (start 1.6 -0.8) (end 1.6 0.8) (layer F.Fab) (width 0.1))
    (fp_line (start 1.6 0.8) (end -1.6 0.8) (layer F.Fab) (width 0.1))
    (fp_line (start -0.711252 -0.91) (end 0.711252 -0.91) (layer F.SilkS) (width 0.12))
    (fp_line (start -0.711252 0.91) (end 0.711252 0.91) (layer F.SilkS) (width 0.12))
    (fp_line (start -2.48 1.15) (end -2.48 -1.15) (layer F.CrtYd) (width 0.05))
    (fp_line (start -2.48 -1.15) (end 2.48 -1.15) (layer F.CrtYd) (width 0.05))
    (fp_line (start 2.48 -1.15) (end 2.48 1.15) (layer F.CrtYd) (width 0.05))
    (fp_line (start 2.48 1.15) (end -2.48 1.15) (layer F.CrtYd) (width 0.05))
    (fp_text user %R (at 0 0) (layer F.Fab)
      (effects (font (size 0.8 0.8) (thickness 0.12)))
    )
    (pad 2 smd roundrect (at 1.5625 0) (size 1.325 1.8) (layers F.Cu F.Paste F.Mask) (roundrect_rratio 0.188679)
      (net 6 "Net-(C7-Pad2)"))
    (pad 1 smd roundrect (at -1.5625 0) (size 1.325 1.8) (layers F.Cu F.Paste F.Mask) (roundrect_rratio 0.188679)
      (net 7 "Net-(C13-Pad1)"))
    (model ${KISYS3DMOD}/Capacitor_SMD.3dshapes/C_1206_3216Metric.wrl
      (at (xyz 0 0 0))
      (scale (xyz 1 1 1))
      (rotate (xyz 0 0 0))
    )
  )

  (module Capacitor_SMD:C_1206_3216Metric_Pad1.33x1.80mm_HandSolder (layer F.Cu) (tedit 5F68FEEF) (tstamp 616CFB79)
    (at 98.6375 95.4)
    (descr "Capacitor SMD 1206 (3216 Metric), square (rectangular) end terminal, IPC_7351 nominal with elongated pad for handsoldering. (Body size source: IPC-SM-782 page 76, https://www.pcb-3d.com/wordpress/wp-content/uploads/ipc-sm-782a_amendment_1_and_2.pdf), generated with kicad-footprint-generator")
    (tags "capacitor handsolder")
    (path /60A4A5BC/60B0334B)
    (attr smd)
    (fp_text reference C8 (at 0 -1.85) (layer F.SilkS)
      (effects (font (size 1 1) (thickness 0.15)))
    )
    (fp_text value 47uF (at 0 1.85) (layer F.Fab)
      (effects (font (size 1 1) (thickness 0.15)))
    )
    (fp_line (start 2.48 1.15) (end -2.48 1.15) (layer F.CrtYd) (width 0.05))
    (fp_line (start 2.48 -1.15) (end 2.48 1.15) (layer F.CrtYd) (width 0.05))
    (fp_line (start -2.48 -1.15) (end 2.48 -1.15) (layer F.CrtYd) (width 0.05))
    (fp_line (start -2.48 1.15) (end -2.48 -1.15) (layer F.CrtYd) (width 0.05))
    (fp_line (start -0.711252 0.91) (end 0.711252 0.91) (layer F.SilkS) (width 0.12))
    (fp_line (start -0.711252 -0.91) (end 0.711252 -0.91) (layer F.SilkS) (width 0.12))
    (fp_line (start 1.6 0.8) (end -1.6 0.8) (layer F.Fab) (width 0.1))
    (fp_line (start 1.6 -0.8) (end 1.6 0.8) (layer F.Fab) (width 0.1))
    (fp_line (start -1.6 -0.8) (end 1.6 -0.8) (layer F.Fab) (width 0.1))
    (fp_line (start -1.6 0.8) (end -1.6 -0.8) (layer F.Fab) (width 0.1))
    (fp_text user %R (at 0 0) (layer F.Fab)
      (effects (font (size 0.8 0.8) (thickness 0.12)))
    )
    (pad 1 smd roundrect (at -1.5625 0) (size 1.325 1.8) (layers F.Cu F.Paste F.Mask) (roundrect_rratio 0.188679)
      (net 8 "Net-(C14-Pad1)"))
    (pad 2 smd roundrect (at 1.5625 0) (size 1.325 1.8) (layers F.Cu F.Paste F.Mask) (roundrect_rratio 0.188679)
      (net 9 "Net-(C8-Pad2)"))
    (model ${KISYS3DMOD}/Capacitor_SMD.3dshapes/C_1206_3216Metric.wrl
      (at (xyz 0 0 0))
      (scale (xyz 1 1 1))
      (rotate (xyz 0 0 0))
    )
  )

  (module Capacitor_SMD:C_0603_1608Metric_Pad1.08x0.95mm_HandSolder (layer F.Cu) (tedit 5F68FEEF) (tstamp 616CFB8A)
    (at 107.5 103.6625 270)
    (descr "Capacitor SMD 0603 (1608 Metric), square (rectangular) end terminal, IPC_7351 nominal with elongated pad for handsoldering. (Body size source: IPC-SM-782 page 76, https://www.pcb-3d.com/wordpress/wp-content/uploads/ipc-sm-782a_amendment_1_and_2.pdf), generated with kicad-footprint-generator")
    (tags "capacitor handsolder")
    (path /60A4A5BC/60B5C334)
    (attr smd)
    (fp_text reference C9 (at 0 -1.43 90) (layer F.SilkS)
      (effects (font (size 1 1) (thickness 0.15)))
    )
    (fp_text value 1uF (at 0 1.43 90) (layer F.Fab)
      (effects (font (size 1 1) (thickness 0.15)))
    )
    (fp_line (start 1.65 0.73) (end -1.65 0.73) (layer F.CrtYd) (width 0.05))
    (fp_line (start 1.65 -0.73) (end 1.65 0.73) (layer F.CrtYd) (width 0.05))
    (fp_line (start -1.65 -0.73) (end 1.65 -0.73) (layer F.CrtYd) (width 0.05))
    (fp_line (start -1.65 0.73) (end -1.65 -0.73) (layer F.CrtYd) (width 0.05))
    (fp_line (start -0.146267 0.51) (end 0.146267 0.51) (layer F.SilkS) (width 0.12))
    (fp_line (start -0.146267 -0.51) (end 0.146267 -0.51) (layer F.SilkS) (width 0.12))
    (fp_line (start 0.8 0.4) (end -0.8 0.4) (layer F.Fab) (width 0.1))
    (fp_line (start 0.8 -0.4) (end 0.8 0.4) (layer F.Fab) (width 0.1))
    (fp_line (start -0.8 -0.4) (end 0.8 -0.4) (layer F.Fab) (width 0.1))
    (fp_line (start -0.8 0.4) (end -0.8 -0.4) (layer F.Fab) (width 0.1))
    (fp_text user %R (at 0 0 90) (layer F.Fab)
      (effects (font (size 0.4 0.4) (thickness 0.06)))
    )
    (pad 1 smd roundrect (at -0.8625 0 270) (size 1.075 0.95) (layers F.Cu F.Paste F.Mask) (roundrect_rratio 0.25)
      (net 10 "Net-(C9-Pad1)"))
    (pad 2 smd roundrect (at 0.8625 0 270) (size 1.075 0.95) (layers F.Cu F.Paste F.Mask) (roundrect_rratio 0.25)
      (net 11 "Net-(C9-Pad2)"))
    (model ${KISYS3DMOD}/Capacitor_SMD.3dshapes/C_0603_1608Metric.wrl
      (at (xyz 0 0 0))
      (scale (xyz 1 1 1))
      (rotate (xyz 0 0 0))
    )
  )

  (module Capacitor_SMD:C_0603_1608Metric_Pad1.08x0.95mm_HandSolder (layer F.Cu) (tedit 5F68FEEF) (tstamp 616CFB9B)
    (at 102.2 89.9375 90)
    (descr "Capacitor SMD 0603 (1608 Metric), square (rectangular) end terminal, IPC_7351 nominal with elongated pad for handsoldering. (Body size source: IPC-SM-782 page 76, https://www.pcb-3d.com/wordpress/wp-content/uploads/ipc-sm-782a_amendment_1_and_2.pdf), generated with kicad-footprint-generator")
    (tags "capacitor handsolder")
    (path /60A4A5BC/60A6FB30)
    (attr smd)
    (fp_text reference C10 (at 0 -1.43 90) (layer F.SilkS)
      (effects (font (size 1 1) (thickness 0.15)))
    )
    (fp_text value 0.1uF (at 0 1.43 90) (layer F.Fab)
      (effects (font (size 1 1) (thickness 0.15)))
    )
    (fp_line (start -0.8 0.4) (end -0.8 -0.4) (layer F.Fab) (width 0.1))
    (fp_line (start -0.8 -0.4) (end 0.8 -0.4) (layer F.Fab) (width 0.1))
    (fp_line (start 0.8 -0.4) (end 0.8 0.4) (layer F.Fab) (width 0.1))
    (fp_line (start 0.8 0.4) (end -0.8 0.4) (layer F.Fab) (width 0.1))
    (fp_line (start -0.146267 -0.51) (end 0.146267 -0.51) (layer F.SilkS) (width 0.12))
    (fp_line (start -0.146267 0.51) (end 0.146267 0.51) (layer F.SilkS) (width 0.12))
    (fp_line (start -1.65 0.73) (end -1.65 -0.73) (layer F.CrtYd) (width 0.05))
    (fp_line (start -1.65 -0.73) (end 1.65 -0.73) (layer F.CrtYd) (width 0.05))
    (fp_line (start 1.65 -0.73) (end 1.65 0.73) (layer F.CrtYd) (width 0.05))
    (fp_line (start 1.65 0.73) (end -1.65 0.73) (layer F.CrtYd) (width 0.05))
    (fp_text user %R (at 0 0 90) (layer F.Fab)
      (effects (font (size 0.4 0.4) (thickness 0.06)))
    )
    (pad 2 smd roundrect (at 0.8625 0 90) (size 1.075 0.95) (layers F.Cu F.Paste F.Mask) (roundrect_rratio 0.25)
      (net 2 GND))
    (pad 1 smd roundrect (at -0.8625 0 90) (size 1.075 0.95) (layers F.Cu F.Paste F.Mask) (roundrect_rratio 0.25)
      (net 12 "Net-(C10-Pad1)"))
    (model ${KISYS3DMOD}/Capacitor_SMD.3dshapes/C_0603_1608Metric.wrl
      (at (xyz 0 0 0))
      (scale (xyz 1 1 1))
      (rotate (xyz 0 0 0))
    )
  )

  (module Capacitor_SMD:C_0603_1608Metric_Pad1.08x0.95mm_HandSolder (layer F.Cu) (tedit 5F68FEEF) (tstamp 616CFBAC)
    (at 113.1 103.6625 270)
    (descr "Capacitor SMD 0603 (1608 Metric), square (rectangular) end terminal, IPC_7351 nominal with elongated pad for handsoldering. (Body size source: IPC-SM-782 page 76, https://www.pcb-3d.com/wordpress/wp-content/uploads/ipc-sm-782a_amendment_1_and_2.pdf), generated with kicad-footprint-generator")
    (tags "capacitor handsolder")
    (path /60A4A5BC/60B519F0)
    (attr smd)
    (fp_text reference C11 (at 0 -1.43 90) (layer F.SilkS)
      (effects (font (size 1 1) (thickness 0.15)))
    )
    (fp_text value 1uF (at 0 1.43 90) (layer F.Fab)
      (effects (font (size 1 1) (thickness 0.15)))
    )
    (fp_line (start -0.8 0.4) (end -0.8 -0.4) (layer F.Fab) (width 0.1))
    (fp_line (start -0.8 -0.4) (end 0.8 -0.4) (layer F.Fab) (width 0.1))
    (fp_line (start 0.8 -0.4) (end 0.8 0.4) (layer F.Fab) (width 0.1))
    (fp_line (start 0.8 0.4) (end -0.8 0.4) (layer F.Fab) (width 0.1))
    (fp_line (start -0.146267 -0.51) (end 0.146267 -0.51) (layer F.SilkS) (width 0.12))
    (fp_line (start -0.146267 0.51) (end 0.146267 0.51) (layer F.SilkS) (width 0.12))
    (fp_line (start -1.65 0.73) (end -1.65 -0.73) (layer F.CrtYd) (width 0.05))
    (fp_line (start -1.65 -0.73) (end 1.65 -0.73) (layer F.CrtYd) (width 0.05))
    (fp_line (start 1.65 -0.73) (end 1.65 0.73) (layer F.CrtYd) (width 0.05))
    (fp_line (start 1.65 0.73) (end -1.65 0.73) (layer F.CrtYd) (width 0.05))
    (fp_text user %R (at 0 0 90) (layer F.Fab)
      (effects (font (size 0.4 0.4) (thickness 0.06)))
    )
    (pad 2 smd roundrect (at 0.8625 0 270) (size 1.075 0.95) (layers F.Cu F.Paste F.Mask) (roundrect_rratio 0.25)
      (net 13 "Net-(C11-Pad2)"))
    (pad 1 smd roundrect (at -0.8625 0 270) (size 1.075 0.95) (layers F.Cu F.Paste F.Mask) (roundrect_rratio 0.25)
      (net 14 "Net-(C11-Pad1)"))
    (model ${KISYS3DMOD}/Capacitor_SMD.3dshapes/C_0603_1608Metric.wrl
      (at (xyz 0 0 0))
      (scale (xyz 1 1 1))
      (rotate (xyz 0 0 0))
    )
  )

  (module Capacitor_SMD:C_1206_3216Metric_Pad1.33x1.80mm_HandSolder (layer F.Cu) (tedit 5F68FEEF) (tstamp 616CFBBD)
    (at 98.6375 90.4 180)
    (descr "Capacitor SMD 1206 (3216 Metric), square (rectangular) end terminal, IPC_7351 nominal with elongated pad for handsoldering. (Body size source: IPC-SM-782 page 76, https://www.pcb-3d.com/wordpress/wp-content/uploads/ipc-sm-782a_amendment_1_and_2.pdf), generated with kicad-footprint-generator")
    (tags "capacitor handsolder")
    (path /60A4A5BC/60A6F3CC)
    (attr smd)
    (fp_text reference C12 (at 0 -1.85) (layer F.SilkS)
